{
 "cells": [
  {
   "cell_type": "code",
   "execution_count": 22,
   "metadata": {},
   "outputs": [],
   "source": [
    "def prepare_data():\n",
    "    import pandas as pd\n",
    "    print(\"---- Inside prepare_data component ----\")\n",
    "    # Load dataset\n",
    "    df = pd.read_csv(\"https://raw.githubusercontent.com/TripathiAshutosh/dataset/main/iris.csv\")\n",
    "    df = df.dropna()\n",
    "    df.to_csv(f'data/final_df.csv', index=False)\n",
    "    print(\"\\n ---- data csv is saved to PV location /data/final_df.csv ----\")"
   ]
  },
  {
   "cell_type": "code",
   "execution_count": 23,
   "metadata": {},
   "outputs": [],
   "source": [
    "def train_test_split():\n",
    "    import pandas as pd\n",
    "    import numpy as np\n",
    "    from sklearn.model_selection import train_test_split\n",
    "    print(\"---- Inside train_test_split component ----\")\n",
    "    final_data = pd.read_csv(f'data/final_df.csv')\n",
    "    target_column = 'class'\n",
    "    X = final_data.loc[:, final_data.columns != target_column]\n",
    "    y = final_data.loc[:, final_data.columns == target_column]\n",
    "    \n",
    "    X_train, X_test, y_train, y_test = train_test_split(X, y, test_size=0.3,stratify = y, random_state=47)\n",
    "    \n",
    "    X_train.to_csv(f'data/X_train.csv', index=False)\n",
    "    X_test.to_csv(f'data/X_test.csv', index=False)\n",
    "    y_train.to_csv(f'data/y_train.csv', index=False)\n",
    "    y_test.to_csv(f'data/y_test.csv', index=False)\n",
    "    \n",
    "    print(\"\\n---- X_train ----\")\n",
    "    print(\"\\n\")\n",
    "    print(X_train)\n",
    "    \n",
    "    print(\"\\n---- X_test ----\")\n",
    "    print(\"\\n\")\n",
    "    print(X_test)\n",
    "    \n",
    "    print(\"\\n---- y_train ----\")\n",
    "    print(\"\\n\")\n",
    "    print(y_train)\n",
    "    \n",
    "    print(\"\\n---- y_test ----\")\n",
    "    print(\"\\n\")\n",
    "    print(y_test)"
   ]
  },
  {
   "cell_type": "code",
   "execution_count": 24,
   "metadata": {},
   "outputs": [],
   "source": [
    "def training_basic_classifier():\n",
    "    import pandas as pd\n",
    "    import numpy as np\n",
    "    from sklearn.linear_model import LogisticRegression\n",
    "    \n",
    "    print(\"---- Inside training_basic_classifier component ----\")\n",
    "    \n",
    "    X_train = pd.read_csv('data/X_train.csv')\n",
    "    y_train = pd.read_csv('data/y_train.csv')\n",
    "    \n",
    "    classifier = LogisticRegression(max_iter=500)\n",
    "    classifier.fit(X_train,y_train)\n",
    "    import pickle\n",
    "    with open(f'data/model.pkl', 'wb') as f:\n",
    "        pickle.dump(classifier, f)\n",
    "    \n",
    "    print(\"\\n logistic regression classifier is trained on iris data and saved to PV location /data/model.pkl ----\")"
   ]
  },
  {
   "cell_type": "code",
   "execution_count": 25,
   "metadata": {},
   "outputs": [],
   "source": [
    "def predict_on_test_data():\n",
    "    import pandas as pd\n",
    "    import numpy as np\n",
    "    import pickle\n",
    "    print(\"---- Inside predict_on_test_data component ----\")\n",
    "    with open(f'data/model.pkl','rb') as f:\n",
    "        logistic_reg_model = pickle.load(f)\n",
    "    X_test = pd.read_csv('data/X_test.csv')\n",
    "    y_pred = logistic_reg_model.predict(X_test)\n",
    "    np.save(f'data/y_pred.npy', y_pred)\n",
    "    \n",
    "    print(\"\\n---- Predicted classes ----\")\n",
    "    print(\"\\n\")\n",
    "    print(y_pred)\n",
    "    "
   ]
  },
  {
   "cell_type": "code",
   "execution_count": 26,
   "metadata": {},
   "outputs": [],
   "source": [
    "def predict_prob_on_test_data():\n",
    "    import pandas as pd\n",
    "    import numpy as np\n",
    "    import pickle\n",
    "    print(\"---- Inside predict_prob_on_test_data component ----\")\n",
    "    with open(f'data/model.pkl','rb') as f:\n",
    "        logistic_reg_model = pickle.load(f)\n",
    "    X_test = pd.read_csv('data/X_test.csv')\n",
    "    y_pred_prob = logistic_reg_model.predict_proba(X_test)\n",
    "    np.save('data/y_pred_prob.npy', y_pred_prob)\n",
    "    \n",
    "    print(\"\\n---- Predicted Probabilities ----\")\n",
    "    print(\"\\n\")\n",
    "    print(y_pred_prob)"
   ]
  },
  {
   "cell_type": "code",
   "execution_count": 27,
   "metadata": {},
   "outputs": [],
   "source": [
    "def get_metrics():\n",
    "    import pandas as pd\n",
    "    import numpy as np\n",
    "    from sklearn.metrics import accuracy_score,precision_score,recall_score,log_loss\n",
    "    from sklearn import metrics\n",
    "    print(\"---- Inside get_metrics component ----\")\n",
    "    y_test = pd.read_csv('data/y_test.csv')\n",
    "    y_pred = np.load('data/y_pred.npy',allow_pickle=True)\n",
    "    y_pred_prob = np.load(f'data/y_pred_prob.npy',allow_pickle=True)\n",
    "    acc = accuracy_score(y_test, y_pred)\n",
    "    prec = precision_score(y_test, y_pred,average='micro')\n",
    "    recall = recall_score(y_test, y_pred,average='micro')\n",
    "    entropy = log_loss(y_test, y_pred_prob)\n",
    "    \n",
    "    print(metrics.classification_report(y_test, y_pred))\n",
    "    print(y_pred)\n",
    "    print(y_pred_prob)\n",
    "    print(\"\\n Model Metrics:\", {'accuracy': round(acc, 2), 'precision': round(prec, 2), 'recall': round(recall, 2), 'entropy': round(entropy, 2)})"
   ]
  },
  {
   "cell_type": "code",
   "execution_count": 28,
   "metadata": {},
   "outputs": [
    {
     "name": "stdout",
     "output_type": "stream",
     "text": [
      "---- Inside prepare_data component ----\n",
      "\n",
      " ---- data csv is saved to PV location /data/final_df.csv ----\n",
      "---- Inside train_test_split component ----\n",
      "\n",
      "---- X_train ----\n",
      "\n",
      "\n",
      "     sepal-length  sepal-width  petal-length  petal-width\n",
      "25            5.0          3.0           1.6          0.2\n",
      "30            4.8          3.1           1.6          0.2\n",
      "74            6.4          2.9           4.3          1.3\n",
      "29            4.7          3.2           1.6          0.2\n",
      "135           7.7          3.0           6.1          2.3\n",
      "..            ...          ...           ...          ...\n",
      "58            6.6          2.9           4.6          1.3\n",
      "15            5.7          4.4           1.5          0.4\n",
      "54            6.5          2.8           4.6          1.5\n",
      "118           7.7          2.6           6.9          2.3\n",
      "139           6.9          3.1           5.4          2.1\n",
      "\n",
      "[105 rows x 4 columns]\n",
      "\n",
      "---- X_test ----\n",
      "\n",
      "\n",
      "     sepal-length  sepal-width  petal-length  petal-width\n",
      "26            5.0          3.4           1.6          0.4\n",
      "41            4.5          2.3           1.3          0.3\n",
      "49            5.0          3.3           1.4          0.2\n",
      "44            5.1          3.8           1.9          0.4\n",
      "141           6.9          3.1           5.1          2.3\n",
      "108           6.7          2.5           5.8          1.8\n",
      "86            6.7          3.1           4.7          1.5\n",
      "142           5.8          2.7           5.1          1.9\n",
      "65            6.7          3.1           4.4          1.4\n",
      "61            5.9          3.0           4.2          1.5\n",
      "124           6.7          3.3           5.7          2.1\n",
      "75            6.6          3.0           4.4          1.4\n",
      "83            6.0          2.7           5.1          1.6\n",
      "8             4.4          2.9           1.4          0.2\n",
      "38            4.4          3.0           1.3          0.2\n",
      "122           7.7          2.8           6.7          2.0\n",
      "1             4.9          3.0           1.4          0.2\n",
      "52            6.9          3.1           4.9          1.5\n",
      "66            5.6          3.0           4.5          1.5\n",
      "78            6.0          2.9           4.5          1.5\n",
      "84            5.4          3.0           4.5          1.5\n",
      "146           6.3          2.5           5.0          1.9\n",
      "134           6.1          2.6           5.6          1.4\n",
      "7             5.0          3.4           1.5          0.2\n",
      "23            5.1          3.3           1.7          0.5\n",
      "143           6.8          3.2           5.9          2.3\n",
      "119           6.0          2.2           5.0          1.5\n",
      "47            4.6          3.2           1.4          0.2\n",
      "76            6.8          2.8           4.8          1.4\n",
      "77            6.7          3.0           5.0          1.7\n",
      "46            5.1          3.8           1.6          0.2\n",
      "148           6.2          3.4           5.4          2.3\n",
      "16            5.4          3.9           1.3          0.4\n",
      "6             4.6          3.4           1.4          0.3\n",
      "43            5.0          3.5           1.6          0.6\n",
      "45            4.8          3.0           1.4          0.3\n",
      "120           6.9          3.2           5.7          2.3\n",
      "149           5.9          3.0           5.1          1.8\n",
      "140           6.7          3.1           5.6          2.4\n",
      "95            5.7          3.0           4.2          1.2\n",
      "59            5.2          2.7           3.9          1.4\n",
      "107           7.3          2.9           6.3          1.8\n",
      "129           7.2          3.0           5.8          1.6\n",
      "92            5.8          2.6           4.0          1.2\n",
      "81            5.5          2.4           3.7          1.0\n",
      "\n",
      "---- y_train ----\n",
      "\n",
      "\n",
      "               class\n",
      "25       Iris-setosa\n",
      "30       Iris-setosa\n",
      "74   Iris-versicolor\n",
      "29       Iris-setosa\n",
      "135   Iris-virginica\n",
      "..               ...\n",
      "58   Iris-versicolor\n",
      "15       Iris-setosa\n",
      "54   Iris-versicolor\n",
      "118   Iris-virginica\n",
      "139   Iris-virginica\n",
      "\n",
      "[105 rows x 1 columns]\n",
      "\n",
      "---- y_test ----\n",
      "\n",
      "\n",
      "               class\n",
      "26       Iris-setosa\n",
      "41       Iris-setosa\n",
      "49       Iris-setosa\n",
      "44       Iris-setosa\n",
      "141   Iris-virginica\n",
      "108   Iris-virginica\n",
      "86   Iris-versicolor\n",
      "142   Iris-virginica\n",
      "65   Iris-versicolor\n",
      "61   Iris-versicolor\n",
      "124   Iris-virginica\n",
      "75   Iris-versicolor\n",
      "83   Iris-versicolor\n",
      "8        Iris-setosa\n",
      "38       Iris-setosa\n",
      "122   Iris-virginica\n",
      "1        Iris-setosa\n",
      "52   Iris-versicolor\n",
      "66   Iris-versicolor\n",
      "78   Iris-versicolor\n",
      "84   Iris-versicolor\n",
      "146   Iris-virginica\n",
      "134   Iris-virginica\n",
      "7        Iris-setosa\n",
      "23       Iris-setosa\n",
      "143   Iris-virginica\n",
      "119   Iris-virginica\n",
      "47       Iris-setosa\n",
      "76   Iris-versicolor\n",
      "77   Iris-versicolor\n",
      "46       Iris-setosa\n",
      "148   Iris-virginica\n",
      "16       Iris-setosa\n",
      "6        Iris-setosa\n",
      "43       Iris-setosa\n",
      "45       Iris-setosa\n",
      "120   Iris-virginica\n",
      "149   Iris-virginica\n",
      "140   Iris-virginica\n",
      "95   Iris-versicolor\n",
      "59   Iris-versicolor\n",
      "107   Iris-virginica\n",
      "129   Iris-virginica\n",
      "92   Iris-versicolor\n",
      "81   Iris-versicolor\n",
      "---- Inside training_basic_classifier component ----\n",
      "\n",
      " logistic regression classifier is trained on iris data and saved to PV location /data/model.pkl ----\n",
      "---- Inside predict_on_test_data component ----\n",
      "\n",
      "---- Predicted classes ----\n",
      "\n",
      "\n",
      "['Iris-setosa' 'Iris-setosa' 'Iris-setosa' 'Iris-setosa' 'Iris-virginica'\n",
      " 'Iris-virginica' 'Iris-versicolor' 'Iris-virginica' 'Iris-versicolor'\n",
      " 'Iris-versicolor' 'Iris-virginica' 'Iris-versicolor' 'Iris-virginica'\n",
      " 'Iris-setosa' 'Iris-setosa' 'Iris-virginica' 'Iris-setosa'\n",
      " 'Iris-versicolor' 'Iris-versicolor' 'Iris-versicolor' 'Iris-versicolor'\n",
      " 'Iris-virginica' 'Iris-virginica' 'Iris-setosa' 'Iris-setosa'\n",
      " 'Iris-virginica' 'Iris-versicolor' 'Iris-setosa' 'Iris-versicolor'\n",
      " 'Iris-virginica' 'Iris-setosa' 'Iris-virginica' 'Iris-setosa'\n",
      " 'Iris-setosa' 'Iris-setosa' 'Iris-setosa' 'Iris-virginica'\n",
      " 'Iris-virginica' 'Iris-virginica' 'Iris-versicolor' 'Iris-versicolor'\n",
      " 'Iris-virginica' 'Iris-virginica' 'Iris-versicolor' 'Iris-versicolor']\n",
      "---- Inside predict_prob_on_test_data component ----\n",
      "\n",
      "---- Predicted Probabilities ----\n",
      "\n",
      "\n",
      "[[9.60687624e-01 3.93113778e-02 9.97799798e-07]\n",
      " [9.34826960e-01 6.51724401e-02 5.99717657e-07]\n",
      " [9.70968694e-01 2.90310476e-02 2.58601989e-07]\n",
      " [9.54886663e-01 4.51108575e-02 2.47952610e-06]\n",
      " [1.74476441e-04 1.08186796e-01 8.91638728e-01]\n",
      " [1.58753822e-05 8.14423913e-02 9.18541733e-01]\n",
      " [3.56051493e-03 7.13749821e-01 2.82689664e-01]\n",
      " [4.29898984e-04 1.90476528e-01 8.09093573e-01]\n",
      " [8.29895866e-03 8.65443845e-01 1.26257196e-01]\n",
      " [1.94679767e-02 8.41221348e-01 1.39310676e-01]\n",
      " [2.91772346e-05 4.04827798e-02 9.59488043e-01]\n",
      " [7.74995159e-03 8.63307984e-01 1.28942065e-01]\n",
      " [7.43093775e-04 3.66283657e-01 6.32973249e-01]\n",
      " [9.67691113e-01 3.23085409e-02 3.46476742e-07]\n",
      " [9.77133265e-01 2.28665387e-02 1.96615182e-07]\n",
      " [1.68756774e-07 8.50123385e-03 9.91498597e-01]\n",
      " [9.59240757e-01 4.07588871e-02 3.55537314e-07]\n",
      " [1.75810587e-03 6.28699616e-01 3.69542278e-01]\n",
      " [1.09240093e-02 7.09529758e-01 2.79546233e-01]\n",
      " [7.37859161e-03 7.51485273e-01 2.41136135e-01]\n",
      " [1.23827802e-02 6.89801177e-01 2.97816043e-01]\n",
      " [4.04271554e-04 2.82813314e-01 7.16782414e-01]\n",
      " [1.38918926e-04 2.39323734e-01 7.60537347e-01]\n",
      " [9.68932641e-01 3.10669978e-02 3.60849797e-07]\n",
      " [9.39817948e-01 6.01796693e-02 2.38228629e-06]\n",
      " [5.84584394e-06 1.59470053e-02 9.84047149e-01]\n",
      " [6.47746650e-04 5.18809252e-01 4.80543002e-01]\n",
      " [9.75259443e-01 2.47402986e-02 2.58819741e-07]\n",
      " [1.83503881e-03 7.42240946e-01 2.55924015e-01]\n",
      " [9.31117715e-04 4.20381126e-01 5.78687756e-01]\n",
      " [9.76376686e-01 2.36229488e-02 3.65363865e-07]\n",
      " [8.55199186e-05 3.82084697e-02 9.61706010e-01]\n",
      " [9.85805819e-01 1.41940198e-02 1.61676099e-07]\n",
      " [9.80999343e-01 1.90003845e-02 2.72033380e-07]\n",
      " [9.64686717e-01 3.53117123e-02 1.57036920e-06]\n",
      " [9.61564584e-01 3.84349569e-02 4.59419347e-07]\n",
      " [1.39449003e-05 2.68476667e-02 9.73138388e-01]\n",
      " [7.54706796e-04 2.31644213e-01 7.67601080e-01]\n",
      " [1.56415850e-05 2.44644538e-02 9.75519905e-01]\n",
      " [2.54961100e-02 9.01564255e-01 7.29396348e-02]\n",
      " [4.39789667e-02 8.86350365e-01 6.96706680e-02]\n",
      " [2.30623050e-06 3.06768932e-02 9.69320801e-01]\n",
      " [4.08221873e-05 1.45940538e-01 8.54018640e-01]\n",
      " [2.12345078e-02 9.37984476e-01 4.07810159e-02]\n",
      " [3.96406190e-02 9.47638917e-01 1.27204640e-02]]\n",
      "---- Inside get_metrics component ----\n",
      "                 precision    recall  f1-score   support\n",
      "\n",
      "    Iris-setosa       1.00      1.00      1.00        15\n",
      "Iris-versicolor       0.93      0.87      0.90        15\n",
      " Iris-virginica       0.88      0.93      0.90        15\n",
      "\n",
      "       accuracy                           0.93        45\n",
      "      macro avg       0.93      0.93      0.93        45\n",
      "   weighted avg       0.93      0.93      0.93        45\n",
      "\n",
      "['Iris-setosa' 'Iris-setosa' 'Iris-setosa' 'Iris-setosa' 'Iris-virginica'\n",
      " 'Iris-virginica' 'Iris-versicolor' 'Iris-virginica' 'Iris-versicolor'\n",
      " 'Iris-versicolor' 'Iris-virginica' 'Iris-versicolor' 'Iris-virginica'\n",
      " 'Iris-setosa' 'Iris-setosa' 'Iris-virginica' 'Iris-setosa'\n",
      " 'Iris-versicolor' 'Iris-versicolor' 'Iris-versicolor' 'Iris-versicolor'\n",
      " 'Iris-virginica' 'Iris-virginica' 'Iris-setosa' 'Iris-setosa'\n",
      " 'Iris-virginica' 'Iris-versicolor' 'Iris-setosa' 'Iris-versicolor'\n",
      " 'Iris-virginica' 'Iris-setosa' 'Iris-virginica' 'Iris-setosa'\n",
      " 'Iris-setosa' 'Iris-setosa' 'Iris-setosa' 'Iris-virginica'\n",
      " 'Iris-virginica' 'Iris-virginica' 'Iris-versicolor' 'Iris-versicolor'\n",
      " 'Iris-virginica' 'Iris-virginica' 'Iris-versicolor' 'Iris-versicolor']\n",
      "[[9.60687624e-01 3.93113778e-02 9.97799798e-07]\n",
      " [9.34826960e-01 6.51724401e-02 5.99717657e-07]\n",
      " [9.70968694e-01 2.90310476e-02 2.58601989e-07]\n",
      " [9.54886663e-01 4.51108575e-02 2.47952610e-06]\n",
      " [1.74476441e-04 1.08186796e-01 8.91638728e-01]\n",
      " [1.58753822e-05 8.14423913e-02 9.18541733e-01]\n",
      " [3.56051493e-03 7.13749821e-01 2.82689664e-01]\n",
      " [4.29898984e-04 1.90476528e-01 8.09093573e-01]\n",
      " [8.29895866e-03 8.65443845e-01 1.26257196e-01]\n",
      " [1.94679767e-02 8.41221348e-01 1.39310676e-01]\n",
      " [2.91772346e-05 4.04827798e-02 9.59488043e-01]\n",
      " [7.74995159e-03 8.63307984e-01 1.28942065e-01]\n",
      " [7.43093775e-04 3.66283657e-01 6.32973249e-01]\n",
      " [9.67691113e-01 3.23085409e-02 3.46476742e-07]\n",
      " [9.77133265e-01 2.28665387e-02 1.96615182e-07]\n",
      " [1.68756774e-07 8.50123385e-03 9.91498597e-01]\n",
      " [9.59240757e-01 4.07588871e-02 3.55537314e-07]\n",
      " [1.75810587e-03 6.28699616e-01 3.69542278e-01]\n",
      " [1.09240093e-02 7.09529758e-01 2.79546233e-01]\n",
      " [7.37859161e-03 7.51485273e-01 2.41136135e-01]\n",
      " [1.23827802e-02 6.89801177e-01 2.97816043e-01]\n",
      " [4.04271554e-04 2.82813314e-01 7.16782414e-01]\n",
      " [1.38918926e-04 2.39323734e-01 7.60537347e-01]\n",
      " [9.68932641e-01 3.10669978e-02 3.60849797e-07]\n",
      " [9.39817948e-01 6.01796693e-02 2.38228629e-06]\n",
      " [5.84584394e-06 1.59470053e-02 9.84047149e-01]\n",
      " [6.47746650e-04 5.18809252e-01 4.80543002e-01]\n",
      " [9.75259443e-01 2.47402986e-02 2.58819741e-07]\n",
      " [1.83503881e-03 7.42240946e-01 2.55924015e-01]\n",
      " [9.31117715e-04 4.20381126e-01 5.78687756e-01]\n",
      " [9.76376686e-01 2.36229488e-02 3.65363865e-07]\n",
      " [8.55199186e-05 3.82084697e-02 9.61706010e-01]\n",
      " [9.85805819e-01 1.41940198e-02 1.61676099e-07]\n",
      " [9.80999343e-01 1.90003845e-02 2.72033380e-07]\n",
      " [9.64686717e-01 3.53117123e-02 1.57036920e-06]\n",
      " [9.61564584e-01 3.84349569e-02 4.59419347e-07]\n",
      " [1.39449003e-05 2.68476667e-02 9.73138388e-01]\n",
      " [7.54706796e-04 2.31644213e-01 7.67601080e-01]\n",
      " [1.56415850e-05 2.44644538e-02 9.75519905e-01]\n",
      " [2.54961100e-02 9.01564255e-01 7.29396348e-02]\n",
      " [4.39789667e-02 8.86350365e-01 6.96706680e-02]\n",
      " [2.30623050e-06 3.06768932e-02 9.69320801e-01]\n",
      " [4.08221873e-05 1.45940538e-01 8.54018640e-01]\n",
      " [2.12345078e-02 9.37984476e-01 4.07810159e-02]\n",
      " [3.96406190e-02 9.47638917e-01 1.27204640e-02]]\n",
      "\n",
      " Model Metrics: {'accuracy': 0.93, 'precision': 0.93, 'recall': 0.93, 'entropy': 0.17}\n"
     ]
    },
    {
     "name": "stderr",
     "output_type": "stream",
     "text": [
      "c:\\Users\\devas\\OneDrive\\Desktop\\DOCKER\\mlopsnhjune2024\\projects\\DockerProject\\debu\\Lib\\site-packages\\sklearn\\utils\\validation.py:1310: DataConversionWarning: A column-vector y was passed when a 1d array was expected. Please change the shape of y to (n_samples, ), for example using ravel().\n",
      "  y = column_or_1d(y, warn=True)\n"
     ]
    }
   ],
   "source": [
    "prepare_data()\n",
    "train_test_split()\n",
    "training_basic_classifier()\n",
    "predict_on_test_data()\n",
    "predict_prob_on_test_data()\n",
    "get_metrics()"
   ]
  },
  {
   "cell_type": "code",
   "execution_count": null,
   "metadata": {},
   "outputs": [],
   "source": []
  }
 ],
 "metadata": {
  "kernelspec": {
   "display_name": "venv",
   "language": "python",
   "name": "python3"
  },
  "language_info": {
   "codemirror_mode": {
    "name": "ipython",
    "version": 3
   },
   "file_extension": ".py",
   "mimetype": "text/x-python",
   "name": "python",
   "nbconvert_exporter": "python",
   "pygments_lexer": "ipython3",
   "version": "3.12.3"
  }
 },
 "nbformat": 4,
 "nbformat_minor": 2
}
